 -0.3201294
 -0.4768677
 -0.8457031
 -1.5264893
 -2.0086060
 -0.1540527
 -0.0899048
 -0.3529663
 -1.2404785
  0.0092773
 -0.6234741
  1.2297363
  0.5817871
  0.1627197
 -0.1825562
 -0.2261963
 -1.0108032
  0.7037964
  1.5675049
 -0.4965210
  0.1264648
  0.8419800
  0.7962036
  0.0402222
  0.3980713
 -1.8973999
  0.5414429
  0.0235596
 -0.2680664
  0.4086304
 -0.6914673
 -0.3252563
 -0.5223999
 -0.6215210
  1.1989746
 -0.9393921
  1.3240967
 -1.4385376
  0.7322388
 -0.1798706
  0.2219238
 -0.0783691
 -0.5533447
 -1.0949097
 -0.8814087
  0.0958252
 -0.7035522
 -0.4863281
  1.1502686
 -2.1552124
  0.5999146
  0.1062622
  0.0112305
  1.3578491
 -0.4746094
 -0.9705811
  0.6146240
  1.3070679
  1.1456299
 -0.3480835
  1.7224731
 -0.4640503
 -0.8206177
  0.5509033
  0.1788330
 -1.8235474
 -0.5159912
  0.6563110
 -0.1259766
  0.1409912
 -0.7885132
 -0.8954468
 -0.4840698
  0.7543945
  0.5270996
  1.8097534
 -0.2737427
 -0.3529053
 -0.4792480
  0.3327026
 -2.0324097
 -0.5918579
 -0.3178101
 -0.8814087
 -0.3913574
  0.3964233
 -0.4848022
 -0.8384399
  0.2076416
  0.4710693
  0.8692627
 -0.4063721
  1.0467529
 -0.3692017
 -0.4155273
  0.3775024
 -0.4468384
  0.1011353
  0.0253906
  0.2243042
  1.1325684
 -1.3241577
  0.4565430
  0.4000244
  1.1760254
  0.3920898
  0.4859009
  0.2473145
 -0.4678345
  0.0393677
 -0.5654907
 -0.3217163
  1.1177368
 -0.6857910
 -0.1085205
 -0.5639648
 -0.0241699
  1.0275879
  0.5415649
 -1.4309692
  0.1264038
 -0.5972290
  0.3926392
  0.9174805
 -0.1182251
 -0.6865845
 -1.1111450
 -0.5697021
 -0.2526855
  0.9506226
 -0.8688354
  0.6145630
  1.2344971
 -0.3713379
  0.3624878
 -0.1083374
  0.9638672
 -0.1268311
  0.5338135
  0.6363525
 -0.0003052
 -0.3249512
  1.2362061
  0.1571045
 -0.5947266
 -0.0499268
 -1.1490479
 -0.5870972
 -0.4320068
 -0.7222290
  1.3682861
 -0.4150391
  1.0650635
  0.5695190
  0.7144165
 -0.0039673
  0.8284912
  0.7482910
 -0.3901978
  0.2562866
  0.0333862
 -0.4676514
 -0.7738647
 -0.8450317
 -1.5203247
  0.0953979
 -0.7945557
  0.2297974
  0.3734131
 -0.7288818
 -0.0992432
 -0.0664062
 -0.2479858
 -0.7880249
  0.3240967
 -0.0302734
 -0.3504639
  0.4963989
 -0.4506226
 -0.3137207
 -0.2602539
  0.7561646
 -1.2702026
  0.4306030
  0.5658569
 -0.1865845
  0.3825684
  0.7529907
  0.5813599
  0.1428223
 -1.1013794
  0.4591675
  0.8904419
 -1.2438354
 -0.1876831
  0.7310181
 -0.3632202
 -0.4415283
 -0.1015625
 -0.1525879
 -0.7405396
  0.2882690
 -0.1362305
 -0.1292725
 -0.9508667
  0.7677612
  0.2042847
 -0.4886475
  0.6838379
 -0.6157227
 -0.3001099
  0.1810913
  0.1891479
 -0.1470947
  0.4027710
 -1.6337891
  0.1331787
 -0.6121216
  1.5758667
  0.0006714
  0.4827271
 -0.1519165
 -0.1018677
  0.0040283
 -0.1475220
 -0.0208130
 -0.0125122
  0.3994751
 -0.2525024
 -0.7650146
  0.2177734
 -0.2981567
 -0.3178711
  0.1476440
 -0.2564697
  0.8390503
 -0.3362427
  0.6288452
 -0.8530884
 -0.6428833
 -0.0545044
 -0.4418335
  0.3482056
 -1.4195557
  0.7116699
  0.5217285
  0.5153809
 -0.7325439
 -0.6078491
  0.4602661
  0.7882690
 -1.0153809
 -0.4913330
 -0.6042480
  0.4669189
  0.7103882
  0.3048096
  0.4183960
  0.5149536
 -1.1646118
 -1.1897583
 -1.0873413
 -0.6261597
 -0.2159424
 -0.0324097
 -0.7523804
 -0.9008179
  0.1378784
  0.2012329
  0.1633301
  0.3079224
  0.0748901
  0.1970215
 -0.7158813
 -0.3320923
 -0.8288574
  0.2983398
  1.0642090
 -0.7910156
 -0.9703369
  1.1875610
 -1.6491699
 -0.2462158
 -0.4014282
  0.9439697
 -0.6542969
  1.3917236
  1.2398682
  0.3208008
 -0.2501221
 -0.0465088
  0.8671265
  0.5653076
 -0.5444336
 -0.3727417
 -0.9230957
  0.6840210
  0.3008423
  0.3332520
  0.4363403
  0.6337891
 -0.3301392
  2.1455078
  0.2571411
  0.8114014
  1.0549316
  0.4929199
  0.2670288
  0.1647339
 -1.5217896
 -0.1175537
  0.2532959
 -0.9358521
  0.0574951
 -0.0796509
  1.8079224
 -0.6432495
 -0.2000732
  0.4905396
 -0.1079102
 -0.8273926
 -0.4493408
 -1.8339844
  0.6331177
 -0.0039673
 -0.3580933
  0.2764282
  1.0786133
 -0.8480835
  0.0087280
 -1.0572510
  1.6341553
  0.2883301
  0.2227173
  1.3255615
  0.0009155
 -0.7278442
  0.2763062
  0.7280273
  0.2207031
  1.0302124
 -0.6717529
 -0.3261108
 -0.3684082
 -0.6925659
 -0.5396729
  0.8040161
 -1.2449341
  0.8923950
 -1.1748047
  0.4274292
 -0.7122192
  0.1491699
  0.5701904
  0.8042603
  0.2832642
 -0.5946655
  0.5261230
 -0.1335449
  0.4965210
  0.7445679
  1.2151489
  0.3448486
 -0.0938110
 -0.2797852
  0.7141113
 -0.0921631
  0.3261719
 -0.8228760
  0.2514648
  0.0783691
 -0.4671021
  0.4257812
  0.3617554
  0.1856689
  0.5095825
 -0.8569946
  0.8083496
  0.1737061
 -0.4426880
 -1.3139038
  0.7097778
 -0.6283569
  0.6243286
  1.3760986
  0.1824951
  0.5946655
 -0.0582886
  0.1355591
  1.4312134
  0.2533569
  0.6092529
  0.3197632
 -0.2644043
  0.6829224
  0.1353760
  0.2232056
 -1.2346802
  0.1287231
  0.3477783
  0.7826538
 -1.1172485
  0.3618774
  0.5522461
  0.6173706
 -0.3883057
 -0.3229980
 -0.3471680
 -0.2952271
 -0.3569946
  0.6801758
  0.1719971
  0.5985107
  0.0496216
  0.4890747
  0.0059814
  0.8629150
  0.2589111
  0.6171875
  0.3180542
  0.1798096
 -0.6741333
  0.2785034
  0.0104370
 -1.2512817
 -0.7165527
  0.1650391
 -1.2694092
 -0.4191284
 -0.0416870
  0.2854004
  0.0838013
 -0.6685181
  1.0079346
  1.2194214
 -1.8362427
 -0.3919067
  0.3925171
  1.1578979
 -0.9434814
  1.3889160
  0.2398071
  0.4050903
 -0.1566772
 -0.1128540
 -0.0513916
 -0.6068115
  0.5895386
 -0.1553955
 -0.7622070
  0.2210083
  0.6881104
  0.5344849
 -0.7672119
 -1.2199097
 -0.6580811
  0.3911743
  0.0283813
  0.6363525
 -0.0653076
 -0.5065308
  0.9786377
 -0.0854492
  2.1298828
 -1.5343018
  0.9402466
  0.3135986
  1.3826904
  0.1040649
 -0.1148071
  0.6469116
  0.8103027
  0.1569214
  2.0479126
 -0.7019653
  0.7018433
  0.4885254
  0.3461304
 -0.3222656
 -0.2496338
  0.8353271
  0.4655762
  1.1651001
  0.8391724
  0.4208984
 -0.4515381
 -0.0704956
  0.4397583
  0.0490112
 -1.7068481
 -0.1617432
  0.1338501
 -0.7197266
 -0.7420044
  0.8190918
 -0.6887817
 -0.2100220
 -0.3560791
  0.8092651
  0.3934326
  0.9115601
  0.1055298
 -0.1636353
  0.8731079
  0.7231445
 -0.4937744
 -0.4258423
  0.4537354
  1.2595825
 -1.0130615
  0.4556274
 -1.9341431
