      -5245      -7813     -13856     -25010     -32909      -2524      -1473      -5783     -20324        152     -10215      20148       9532       2666      -2991      -3706
     -16561      11531      25682      -8135       2072      13795      13045        659       6522     -31087       8871        386      -4392       6695     -11329      -5329
      -8559     -10183      19644     -15391      21694     -23569      11997      -2947       3636      -1284      -9066     -17939     -14441       1570     -11527      -7968
      18846     -35311       9829       1741        184      22247      -7776     -15902      10070      21415      18770      -5703      28221      -7603     -13445       9026
       2930     -29877      -8454      10753      -2064       2310     -12919     -14671      -7931      12360       8636      29651      -4485      -5782      -7852       5451
     -33299      -9697      -5207     -14441      -6412       6495      -7943     -13737       3402       7718      14242      -6658      17150      -6049      -6808       6185
      -7321       1657        416       3675      18556     -21695       7480       6554      19268       6424       7961       4052      -7665        645      -9265      -5271
      18313     -11236      -1778      -9240       -396      16836       8873     -23445       2071      -9785       6433      15032      -1937     -11249     -18205      -9334
      -4140      15575     -14235      10069      20226      -6084       5939      -1775      15792      -2078       8746      10426         -5      -5324      20254       2574
      -9744       -818     -18826      -9619      -7078     -11833      22418      -6800      17450       9331      11705        -65      13574      12260      -6393       4199
        547      -7662     -12679     -13845     -24909       1563     -13018       3765       6118     -11942      -1626      -1088      -4063     -12911       5310       -496
      -5742       8133      -7383      -5140      -4264      12389     -20811       7055       9271      -3057       6268      12337       9525       2340     -18045       7523
      14589     -20379      -3075      11977      -5951      -7234      -1664      -2500     -12133       4723      -2232      -2118     -15579      12579       3347      -8006
      11204     -10088      -4917       2967       3099      -2410       6599     -26768       2182     -10029      25819         11       7909      -2489      -1669         66
      -2417       -341       -205       6545      -4137     -12534       3568      -4885      -5208       2419      -4202      13747      -5509      10303     -13977     -10533
       -893      -7239       5705     -23258      11660       8548       8444     -12002      -9959       7541      12915     -16636      -8050      -9900       7650      11639
       4994       6855       8437     -19081     -19493     -17815     -10259      -3538       -531     -12327     -14759       2259       3297       2676       5045       1227
       3228     -11729      -5441     -13580       4888      17436     -12960     -15898      19457     -27020      -4034      -6577      15466     -10720      22802      20314
       5256      -4098       -762      14207       9262      -8920      -6107     -15124      11207       4929       5460       7149      10384      -5409      35152       4213
      13294      17284       8076       4375       2699     -24933      -1926       4150     -15333        942      -1305      29621     -10539      -3278       8037      -1768
     -13556      -7362     -30048      10373        -65      -5867       4529      17672     -13895        143     -17322      26774       4724       3649      21718         15
     -11925       4527      11928       3616      16879     -11006      -5343      -6036     -11347      -8842      13173     -20397      14621     -19248       7003     -11669
       2444       9342      13177       4641      -9743       8620      -2188       8135      12199      19909       5650      -1537      -4584      11700      -1510       5344
     -13482       4120       1284      -7653       6976       5927       3042       8349     -14041      13244       2846      -7253     -21527      11629     -10295      10229
      22546       2990       9743       -955       2221      23449       4151       9982       5239      -4332      11189       2218       3657     -20229       2109       5698
      12823     -18305       5929       9048      10115      -6362      -5292      -5688      -4837      -5849      11144       2818       9806        813       8013         98
      14138       4242      10112       5211       2946     -11045       4563        171     -20501     -11740       2704     -20798      -6867       -683       4676       1373
     -10953      16514      19979     -30085      -6421       6431      18971     -15458      22756       3929       6637      -2567      -1849       -842      -9942       9659
      -2546     -12488       3621      11274       8757     -12570     -19987     -10782       6409        465      10426      -1070      -8299      16034      -1400      34896
     -25138      15405       5138      22654       1705      -1881      10599      13276       2571      33553     -11501      11499       8004       5671      -5280      -4090
      13686       7628      19089      13749       6896      -7398      -1155       7205        803     -27965      -2650       2193     -11792     -12157      13420     -11285
      -3441      -5834      13259       6446      14935       1729      -2681      14305      11848      -8090      -6977       7434      20637     -16598       7465     -31689
