     -11885       -8385      -11463        4025       12593        2122      -12633       -1255        5830      -10470        -900        6218      -24703       12770        2011       13616 
       8797       11573        7659        6347        5078        2919        8407       17363       -9142       16737       -3105       12782      -19959       26386       13500       -1036 
       8895        3931       24626        4891       -9923        5195       -6773      -23220        8349       11436       -2872      -16006       -3404       12762       -6023       12001 
     -19083       -3666        1392       11493        -632      -13414        3862      -11292      -14424       -4193      -25710       -6063        -813       -3697       17634        4213 
       3077       20944       -4243      -14239        6922         867        6529        3792       -5389        -284      -21343       -2970       -2270       37849       -9784       14445 
      -7186       -7727        6775        6311        -611       14483        1861      -25528       -2811         246        1073         825       -7046        8452      -12403       -7913 
      13242       12367       14624       16451       -3642        3673       -2277        2049       16416        3563       -1011        1861      -13104       14481           9      -18726 
     -50242       31466        9767        4240      -12025      -10911      -11775      -24614       -3382       20273        -810       -6816       -4278        7875        2008       12597 
      -4648       -1825       26574        4756       -3884         837       22091      -23154       -4086       12072        8143        3219        1714        8581        1488       -6877 
      -3639        1513      -18266        7173      -11576       -2718        7872       14833       10831      -14578       -4983       17207        9810        4360       -8321      -22409 
      -8768        1043       -4707      -10531       -8220       -3746         721       -5409        1656       -9923        5550       11577       11158       -2700       11025        1208 
     -11832      -15999       -7953        5380       -1117          58        1827       18477      -12128      -10133        7077       -6129        5426       -2471        8553       11634 
        -99       26923        9788      -16980        1968        8445      -13314       21108       -4841      -14469        -205       -5138       -3684      -13745       -8396      -17243 
      -4187       -4570       11038      -18003       15752        9199        7894        2126       21970      -10099        8616       -3708       -9330       11197        -220      -10259 
       -333        6819        5127       -2474       -7929        2324        7957       14010       16061      -13718        3359       14693        -849        8623        3664        5363 
     -11558       12757        1456        9080      -30968      -11020       -5775       -8589       -6060       -1126       21041        1842       -3293       -3598      -27662       19681 
      11391       17351       13986        4779        -639        7682        -830       17452       20652       -1585       -9463        7254        -950       15616       -5951      -16854 
     -15199       -1825      -10904        6194        5562       14998      -11061       12998       -5323      -18391       -8345        4982       -7846        9466        6386       13490 
       4630        5582       12966       -2542       -5494        9020        3482        3294         279        5471        2950       -6580      -10310        3659         862        2873 
      20576        4045       -9225       -1619       17974      -10754         -24       13329       -7142      -12643        8252        2652        1316       -5039       -2272      -14451 
       2431       24668       -7873        2290       12588      -10251       27430        4209        3923       -6381       -9884       -4709       -2872       -3638       -4131      -31086 
      -6191        9806       -2849       14253       19172        7839       18233        9946        -926         286       10177      -11425        3165       -8034       23193        2613 
     -22156       12126        5135        2987      -14385      -14931        5752      -11115       12460       13596       -8903        5335       10588        2945        3390       -2031 
       2982        2625        9797        5369        8827      -12725       12490        5098       -5324       13475      -14180      -25491        5392       13724       -2711        3049 
      -1682       -4425       -9509       12743        4092       16131        1663        5809        3291       10354       -1561       23723        -541      -16815      -17529       23635 
      12367       -5459      -17315       -2055       19885      -31277      -19693       -3116         224         241       -1225       12024       -5776       13541       38029        -416 
     -20687        8626      -11531       20145      -19177      -14871        8581      -19529        5406       16787       12446      -10158      -13996        -360      -17874       -6442 
       8004        9296        6529        5631       12476       28729        -772       -7742       -4857       20682        1270       -4385       -5105      -12891        7903       11103 
      -3655        4572       11136      -16058        7246      -20118       -4472       -1831      -15584      -17562       12147        4088        1227      -21716       13297      -22054 
      -6235       -4629        1175      -25079        8874      -16059       28899       19615      -23612        1402         565        4341       11839       13027       -9113      -21535 
     -13584      -21728       10723        6006      -22587        5474        -643       -2388       -9533        7623        -496      -11355       11195       -3394      -12978       15166 
      16030      -15801      -13455        1432        2457       -7764       -6261        4863        1564         506       -5406       23164       12179       -1845        4049        6324 
